0.000000000000000000e+00 1.000000000000000000e+00
6.342391965656450636e-02 9.979866764718844374e-01
1.265924535737492640e-01 9.919548128307953405e-01
1.892512443604102146e-01 9.819286972627067067e-01
2.511479871810792242e-01 9.679487013963562481e-01
3.120334456984871219e-01 9.500711177409454367e-01
3.716624556603275731e-01 9.283679330160725662e-01
4.297949120891716435e-01 9.029265382866211720e-01
4.861967361004687072e-01 8.738493770697849383e-01
5.406408174555975554e-01 8.412535328311812055e-01
5.929079290546404035e-01 8.052702575310586308e-01
6.427876096865392519e-01 7.660444431189780135e-01
6.900790114821120369e-01 7.237340381050700877e-01
7.345917086575333155e-01 6.785094115571321804e-01
7.761464642917568213e-01 6.305526670845225112e-01
8.145759520503357276e-01 5.800569095711981538e-01
8.497254299495143881e-01 5.272254676105023741e-01
8.814533634475820723e-01 4.722710747726827085e-01
9.096319953545183301e-01 4.154150130018864351e-01
9.341478602651066554e-01 3.568862215918718883e-01
9.549022414440738737e-01 2.969203753282749214e-01
9.718115683235416524e-01 2.357589355094272809e-01
9.848077530122080203e-01 1.736481776669304145e-01
9.938384644612541230e-01 1.108381999010110974e-01
9.988673391830079629e-01 4.758191582374218104e-02
9.998741276738750683e-01 -1.586596383480802855e-02
9.968547759519423845e-01 -7.924995685678853929e-02
9.898214418809326842e-01 -1.423148382732852268e-01
9.788024462147787430e-01 -2.048066680651907390e-01
9.638421585599420416e-01 -2.664738136900350329e-01
9.450008187146684557e-01 -3.270679633174216616e-01
9.223542941045813626e-01 -3.863451256931286770e-01
8.959937742913358649e-01 -4.440666126057741248e-01
8.660254037844384856e-01 -5.000000000000002220e-01
8.325698546347714002e-01 -5.539200638661102571e-01
7.957618405308319876e-01 -6.056096871376668300e-01
7.557495743542582689e-01 -6.548607339452849896e-01
7.126941713788627064e-01 -7.014748877063213817e-01
6.667690005162917322e-01 -7.452644496757546699e-01
6.181589862206050556e-01 -7.860530947427875059e-01
5.670598638627708521e-01 -8.236765814298326882e-01
5.136773915734063056e-01 -8.579834132349770659e-01
4.582265217274105185e-01 -8.888354486549233657e-01
4.009305354066136085e-01 -9.161084574320695895e-01
3.420201433256688794e-01 -9.396926207859083169e-01
2.817325568414296710e-01 -9.594929736144973687e-01
2.203105327865408081e-01 -9.754297868854070463e-01
1.580013959733498896e-01 -9.874388886763942885e-01
9.505604330418243597e-02 -9.954719225730845888e-01
3.172793349806765639e-02 -9.994965423831850826e-01
-3.172793349806785762e-02 -9.994965423831850826e-01
-9.505604330418263026e-02 -9.954719225730845888e-01
-1.580013959733500839e-01 -9.874388886763942885e-01
-2.203105327865405583e-01 -9.754297868854070463e-01
-2.817325568414298376e-01 -9.594929736144973687e-01
-3.420201433256686574e-01 -9.396926207859084279e-01
-4.009305354066137750e-01 -9.161084574320695895e-01
-4.582265217274102964e-01 -8.888354486549234768e-01
-5.136773915734064166e-01 -8.579834132349769549e-01
-5.670598638627706300e-01 -8.236765814298327992e-01
-6.181589862206052777e-01 -7.860530947427873949e-01
-6.667690005162915101e-01 -7.452644496757547810e-01
-7.126941713788629285e-01 -7.014748877063212706e-01
-7.557495743542581579e-01 -6.548607339452852116e-01
-7.957618405308320986e-01 -6.056096871376666080e-01
-8.325698546347712892e-01 -5.539200638661104792e-01
-8.660254037844388186e-01 -4.999999999999996114e-01
-8.959937742913359759e-01 -4.440666126057739582e-01
-9.223542941045813626e-01 -3.863451256931286770e-01
-9.450008187146683447e-01 -3.270679633174218837e-01
-9.638421585599421526e-01 -2.664738136900346444e-01
-9.788024462147787430e-01 -2.048066680651905447e-01
-9.898214418809326842e-01 -1.423148382732852268e-01
-9.968547759519422735e-01 -7.924995685678878909e-02
-9.998741276738750683e-01 -1.586596383480760875e-02
-9.988673391830079629e-01 4.758191582374238227e-02
-9.938384644612541230e-01 1.108381999010108615e-01
-9.848077530122081313e-01 1.736481776669299704e-01
-9.718115683235416524e-01 2.357589355094274752e-01
-9.549022414440738737e-01 2.969203753282749214e-01
-9.341478602651067664e-01 3.568862215918716663e-01
-9.096319953545182191e-01 4.154150130018868237e-01
-8.814533634475819612e-01 4.722710747726828751e-01
-8.497254299495143881e-01 5.272254676105023741e-01
-8.145759520503358386e-01 5.800569095711979317e-01
-7.761464642917565993e-01 6.305526670845228443e-01
-7.345917086575332045e-01 6.785094115571322915e-01
-6.900790114821120369e-01 7.237340381050700877e-01
-6.427876096865395850e-01 7.660444431189777914e-01
-5.929079290546401815e-01 8.052702575310587418e-01
-5.406408174555974444e-01 8.412535328311812055e-01
-4.861967361004688182e-01 8.738493770697849383e-01
-4.297949120891719210e-01 9.029265382866210610e-01
-3.716624556603272400e-01 9.283679330160726773e-01
-3.120334456984870664e-01 9.500711177409454367e-01
-2.511479871810793907e-01 9.679487013963562481e-01
-1.892512443604097427e-01 9.819286972627068177e-01
-1.265924535737490420e-01 9.919548128307953405e-01
-6.342391965656452024e-02 9.979866764718844374e-01
-2.449293598294706414e-16 1.000000000000000000e+00
