3.501000000000000223e-01 8.828000000000000291e-01
4.577999999999999847e-01 9.589999999999999636e-01
4.615000000000000213e-01 7.961000000000000298e-01
4.081000000000000183e-01 7.776999999999999469e-01
6.118000000000000105e-01 1.552999999999999936e-01
3.456000000000000183e-01 8.589999999999999858e-01
5.296999999999999487e-01 2.290999999999999981e-01
3.996000000000000107e-01 7.875999999999999668e-01
5.389000000000000457e-01 2.467000000000000026e-01
8.807000000000000384e-01 2.620000000000000107e-01
2.414000000000000035e-01 7.355000000000000426e-01
9.497999999999999776e-01 4.520000000000000129e-01
9.275999999999999801e-01 2.713999999999999746e-01
1.323999999999999899e-01 6.879999999999999449e-01
3.009000000000000008e-01 9.542000000000000481e-01
2.987000000000000210e-01 8.746000000000000441e-01
8.234000000000000208e-01 3.217999999999999750e-01
4.703999999999999848e-01 9.120000000000000329e-01
6.379999999999999560e-02 5.676999999999999824e-01
2.028000000000000080e-01 5.621000000000000441e-01
6.018000000000000016e-01 1.862999999999999934e-01
3.074000000000000066e-01 9.202000000000000179e-01
3.326999999999999957e-01 9.297999999999999599e-01
7.027999999999999803e-01 9.500000000000000111e-02
7.201999999999999513e-01 1.252999999999999947e-01
9.213000000000000078e-01 4.471999999999999864e-01
9.928000000000000158e-01 2.777999999999999914e-01
6.293999999999999595e-01 1.814999999999999947e-01
6.463999999999999746e-01 7.679999999999999327e-02
4.529999999999999999e-02 7.194000000000000394e-01
2.470999999999999863e-01 5.898999999999999799e-01
4.742999999999999994e-01 7.522999999999999687e-01
1.700000000000000122e-02 6.998999999999999666e-01
7.029999999999999583e-01 5.469999999999999862e-02
6.462999999999999856e-01 1.650999999999999968e-01
5.957999999999999963e-01 8.690000000000000502e-02
5.594000000000000083e-01 9.030000000000000526e-02
5.251000000000000112e-01 1.519999999999999962e-01
3.190000000000000058e-01 8.214000000000000190e-01
8.556000000000000272e-01 4.112999999999999989e-01
1.670999999999999985e-01 5.234999999999999654e-01
9.281000000000000361e-01 4.517999999999999794e-01
5.745000000000000107e-01 1.053999999999999937e-01
2.863999999999999879e-01 9.856000000000000316e-01
4.278000000000000136e-01 9.379999999999999449e-01
2.356000000000000039e-01 5.948999999999999844e-01
9.469999999999999529e-01 3.775000000000000022e-01
1.592000000000000082e-01 5.397999999999999465e-01
6.736999999999999655e-01 2.028999999999999970e-01
6.879999999999999449e-01 6.930000000000000049e-02
7.772000000000000020e-01 3.085999999999999854e-01
3.109000000000000097e-01 9.815000000000000391e-01
9.589999999999999636e-01 4.264000000000000012e-01
1.948999999999999899e-01 6.481999999999999984e-01
1.317000000000000115e-01 6.830000000000000515e-01
3.568000000000000060e-01 9.955000000000000515e-01
4.769999999999999796e-01 9.526999999999999913e-01
4.986999999999999766e-01 7.750000000000000222e-01
4.738999999999999879e-01 9.802999999999999492e-01
9.806000000000000272e-01 2.882000000000000117e-01
6.270999999999999908e-01 3.450000000000000289e-02
3.911000000000000032e-01 7.632999999999999785e-01
3.320000000000000173e-01 8.679999999999999938e-01
2.693999999999999728e-01 8.645000000000000462e-01
9.622000000000000552e-01 4.042000000000000037e-01
5.522000000000000242e-01 7.839999999999999747e-02
3.640000000000000180e-02 6.599000000000000421e-01
3.684000000000000052e-01 7.699000000000000288e-01
7.086999999999999966e-01 1.509000000000000064e-01
6.548000000000000487e-01 1.660000000000000017e-02
7.271999999999999575e-01 1.930000000000000049e-01
9.810999999999999721e-01 2.592999999999999750e-01
4.586000000000000076e-01 8.875999999999999446e-01
9.529999999999999583e-02 6.319000000000000172e-01
5.312999999999999945e-01 2.479999999999999913e-02
9.423000000000000265e-01 2.514000000000000123e-01
5.536999999999999700e-01 2.167000000000000037e-01
6.862000000000000322e-01 1.832999999999999907e-01
3.791999999999999815e-01 8.629999999999999893e-01
3.116999999999999771e-01 9.234999999999999876e-01
4.808999999999999941e-01 9.747000000000000108e-01
3.487999999999999989e-01 9.010000000000000231e-01
8.372000000000000552e-01 3.261000000000000010e-01
7.603999999999999648e-01 2.909999999999999809e-01
5.683000000000000274e-01 8.350000000000000477e-02
2.832999999999999963e-01 9.010000000000000231e-01
4.247000000000000219e-01 7.581999999999999851e-01
5.062999999999999723e-01 1.257999999999999952e-01
3.383999999999999786e-01 9.300000000000000488e-01
2.570999999999999952e-01 8.245999999999999996e-01
3.785999999999999921e-01 7.917999999999999483e-01
8.132000000000000339e-01 4.123999999999999888e-01
6.099999999999999867e-01 9.959999999999999409e-02
4.339000000000000079e-01 9.464000000000000190e-01
1.242000000000000048e-01 5.548999999999999488e-01
1.496999999999999997e-01 6.673000000000000043e-01
1.988999999999999935e-01 5.358000000000000540e-01
7.884999999999999787e-01 4.426999999999999824e-01
5.941999999999999504e-01 6.759999999999999343e-02
1.416999999999999926e-01 7.374000000000000554e-01
4.223000000000000087e-01 8.476000000000000201e-01
9.001000000000000112e-01 2.831000000000000183e-01
8.620999999999999774e-01 4.479000000000000203e-01
8.375000000000000222e-01 4.864999999999999880e-01
4.408000000000000251e-01 8.238999999999999657e-01
2.918999999999999928e-01 7.935999999999999721e-01
2.051999999999999935e-01 5.271000000000000130e-01
3.174000000000000155e-01 9.886000000000000343e-01
3.710000000000000103e-02 6.308000000000000274e-01
5.652000000000000357e-01 1.491999999999999993e-01
2.654000000000000248e-01 7.850000000000000311e-01
6.600000000000000311e-01 9.379999999999999449e-02
4.646000000000000130e-01 7.730000000000000204e-01
7.017999999999999794e-01 1.600000000000000033e-02
2.645000000000000129e-01 7.674999999999999600e-01
8.183000000000000274e-01 2.782999999999999918e-01
7.819000000000000394e-01 4.531999999999999917e-01
2.437999999999999889e-01 5.564000000000000057e-01
6.554999999999999716e-01 1.830000000000000029e-02
7.985999999999999766e-01 2.586999999999999855e-01
4.326999999999999735e-01 8.252000000000000446e-01
2.134000000000000064e-01 5.866999999999999993e-01
3.393999999999999795e-01 9.162000000000000144e-01
2.179999999999999993e-01 5.776999999999999913e-01
8.572999999999999510e-01 2.619000000000000217e-01
1.625000000000000056e-01 5.199000000000000288e-01
1.928999999999999881e-01 6.071999999999999620e-01
9.383000000000000229e-01 3.970000000000000195e-01
8.681999999999999718e-01 2.908999999999999919e-01
6.118000000000000105e-01 2.069999999999999965e-02
7.825999999999999623e-01 4.605000000000000204e-01
4.787000000000000144e-01 8.949000000000000288e-01
8.144000000000000128e-01 4.356999999999999762e-01
5.756000000000000005e-01 5.020000000000000157e-02
4.613999999999999768e-01 8.667000000000000259e-01
1.164000000000000035e-01 7.431999999999999718e-01
1.786000000000000087e-01 6.299000000000000155e-01
9.790999999999999703e-01 2.914999999999999813e-01
5.639999999999999458e-01 1.226000000000000006e-01
6.183999999999999497e-01 1.496000000000000107e-01
2.821000000000000174e-01 9.556000000000000050e-01
3.654000000000000026e-01 7.885999999999999677e-01
5.832000000000000517e-01 4.039999999999999841e-02
6.094000000000000528e-01 6.010000000000000064e-02
6.895999999999999908e-01 5.920000000000000262e-02
7.181999999999999496e-01 9.139999999999999514e-02
2.938999999999999946e-01 8.689999999999999947e-01
4.304000000000000048e-01 8.460999999999999632e-01
6.357000000000000428e-01 2.172999999999999932e-01
5.238000000000000433e-01 5.870000000000000218e-02
6.534999999999999698e-01 3.500000000000000073e-03
8.174000000000000155e-01 4.330999999999999850e-01
1.337000000000000133e-01 6.252999999999999670e-01
1.705000000000000127e-01 5.833000000000000407e-01
2.622999999999999776e-01 8.747000000000000330e-01
8.821999999999999842e-01 4.506000000000000005e-01
4.107999999999999985e-01 7.594999999999999529e-01
6.449000000000000288e-01 1.650999999999999968e-01
9.224999999999999867e-01 2.538000000000000256e-01
2.051999999999999935e-01 7.140999999999999570e-01
4.782000000000000139e-01 8.816000000000000503e-01
3.961999999999999966e-01 9.106999999999999540e-01
4.615000000000000213e-01 8.198999999999999622e-01
2.826000000000000179e-01 9.756000000000000227e-01
1.164000000000000035e-01 6.326000000000000512e-01
4.173999999999999932e-01 9.698999999999999844e-01
3.352999999999999869e-01 9.900999999999999801e-01
4.714999999999999747e-01 9.655000000000000249e-01
9.487999999999999767e-01 3.395000000000000240e-01
6.239999999999999714e-02 6.552999999999999936e-01
4.410000000000000031e-01 8.656000000000000361e-01
9.086999999999999522e-01 2.842000000000000082e-01
2.479000000000000092e-01 5.768999999999999684e-01
2.223999999999999866e-01 5.036000000000000476e-01
6.700000000000000400e-02 6.028999999999999915e-01
5.046000000000000485e-01 1.980999999999999983e-01
4.934000000000000052e-01 8.124000000000000110e-01
7.842999999999999972e-01 4.748999999999999888e-01
9.005999999999999561e-01 3.675999999999999823e-01
5.413999999999999924e-01 2.116000000000000103e-01
1.464999999999999913e-01 6.491000000000000103e-01
7.933999999999999941e-01 4.682000000000000051e-01
6.754000000000000004e-01 2.398000000000000131e-01
2.492999999999999938e-01 6.350000000000000089e-01
3.251999999999999891e-01 9.486999999999999877e-01
4.497999999999999776e-01 9.808000000000000052e-01
2.964999999999999858e-01 8.284000000000000252e-01
8.172000000000000375e-01 4.647000000000000020e-01
4.988000000000000211e-01 8.854999999999999538e-01
9.797000000000000153e-01 2.778999999999999804e-01
3.563000000000000056e-01 7.909000000000000474e-01
2.296999999999999875e-01 6.549000000000000377e-01
5.007000000000000339e-01 1.055999999999999994e-01
2.323999999999999955e-01 5.157000000000000473e-01
3.069999999999999951e-01 9.078000000000000513e-01
7.937999999999999501e-01 2.599000000000000199e-01
6.696999999999999620e-01 5.539999999999999786e-02
1.209999999999999964e-01 5.182999999999999829e-01
8.739000000000000101e-01 3.200000000000000067e-01
3.749999999999999861e-02 5.957000000000000073e-01
7.799999999999999989e-02 6.998999999999999666e-01
3.331000000000000072e-01 7.670000000000000151e-01
4.356999999999999762e-01 9.756000000000000227e-01
3.738000000000000211e-01 7.693999999999999728e-01
8.640000000000000457e-02 5.525999999999999801e-01
5.829999999999999627e-01 1.489999999999999936e-01
8.820000000000000062e-01 3.411000000000000143e-01
5.324999999999999734e-01 1.976999999999999869e-01
9.015999999999999570e-01 3.207999999999999741e-01
9.173000000000000043e-01 3.422999999999999932e-01
7.536000000000000476e-01 2.525999999999999912e-01
2.187999999999999945e-01 5.888999999999999790e-01
2.028000000000000080e-01 5.606999999999999762e-01
5.769999999999999574e-01 1.572000000000000064e-01
5.409000000000000474e-01 2.120000000000000009e-02
6.238000000000000211e-01 8.550000000000000655e-02
9.689999999999999725e-01 4.128999999999999893e-01
8.883999999999999675e-01 4.526999999999999913e-01
2.285000000000000087e-01 6.411999999999999922e-01
7.326000000000000290e-01 8.530000000000000082e-02
1.919999999999999832e-02 6.437000000000000499e-01
9.409999999999999476e-01 3.988999999999999768e-01
9.740999999999999659e-01 4.326999999999999735e-01
7.824999999999999734e-01 2.968999999999999972e-01
3.059000000000000052e-01 8.826000000000000512e-01
2.361999999999999933e-01 5.419000000000000483e-01
7.741999999999999993e-01 4.647999999999999909e-01
3.443999999999999839e-01 7.705999999999999517e-01
1.549000000000000099e-01 6.268000000000000238e-01
6.231999999999999762e-01 2.152999999999999914e-01
4.878000000000000114e-01 9.286999999999999700e-01
3.583999999999999964e-01 8.681999999999999718e-01
2.757999999999999896e-01 8.302000000000000490e-01
4.860999999999999766e-01 9.219000000000000528e-01
2.001999999999999891e-01 5.473000000000000087e-01
1.215999999999999998e-01 5.168000000000000371e-01
3.071999999999999731e-01 9.435000000000000053e-01
4.233999999999999986e-01 7.984999999999999876e-01
5.635000000000000009e-01 5.559999999999999665e-02
2.770000000000000240e-01 8.484000000000000430e-01
9.109000000000000430e-01 4.512999999999999790e-01
4.873000000000000109e-01 8.929000000000000270e-01
6.394999999999999574e-01 1.190999999999999975e-01
1.400000000000000133e-01 5.602000000000000313e-01
2.270999999999999963e-01 6.856999999999999762e-01
1.897999999999999965e-01 5.901999999999999469e-01
3.063000000000000167e-01 8.350999999999999535e-01
1.602999999999999980e-01 5.012999999999999678e-01
6.969999999999999529e-01 2.690000000000000030e-02
7.161999999999999478e-01 5.929999999999999855e-02
1.360999999999999988e-01 5.927999999999999936e-01
3.174000000000000155e-01 9.204999999999999849e-01
3.089999999999999969e-01 9.221000000000000307e-01
6.636999999999999567e-01 1.200999999999999984e-01
6.939999999999999503e-01 1.766000000000000070e-01
2.239999999999999977e-02 5.313999999999999835e-01
8.325000000000000178e-01 4.181000000000000272e-01
5.752000000000000446e-01 8.820000000000000062e-02
9.224999999999999867e-01 4.549000000000000266e-01
5.178000000000000380e-01 1.620000000000000051e-01
5.856000000000000094e-01 1.237000000000000044e-01
2.164999999999999980e-01 6.041999999999999593e-01
1.948000000000000009e-01 5.836000000000000076e-01
6.599999999999999964e-03 5.190000000000000169e-01
8.733999999999999542e-01 4.877000000000000224e-01
5.550000000000000488e-01 1.679999999999999896e-02
8.703999999999999515e-01 4.494000000000000217e-01
2.696999999999999953e-01 7.950000000000000400e-01
8.429999999999999716e-01 4.207000000000000184e-01
1.839999999999999969e-01 5.199000000000000288e-01
8.423000000000000487e-01 3.054999999999999938e-01
6.089999999999999858e-01 9.450000000000000067e-02
3.316999999999999948e-01 9.466999999999999860e-01
3.215999999999999970e-01 9.462000000000000410e-01
2.144000000000000072e-01 6.875999999999999890e-01
8.017999999999999572e-01 4.623999999999999777e-01
7.056999999999999940e-01 2.000000000000000042e-02
3.855000000000000093e-01 8.167999999999999705e-01
7.702999999999999847e-01 4.126000000000000223e-01
6.780000000000000471e-01 1.279000000000000137e-01
2.869999999999999774e-01 9.796000000000000263e-01
9.578999999999999737e-01 2.545000000000000040e-01
5.768999999999999684e-01 2.699999999999999969e-02
5.412000000000000144e-01 2.331999999999999906e-01
8.889000000000000234e-01 4.949999999999999956e-01
5.650000000000000161e-02 5.321000000000000174e-01
9.136999999999999567e-01 4.269999999999999907e-01
9.794000000000000483e-01 3.149000000000000132e-01
9.908000000000000140e-01 2.574000000000000177e-01
5.802000000000000490e-01 5.659999999999999754e-02
7.318000000000000060e-01 5.000000000000000104e-04
7.420000000000000207e-02 6.320000000000000062e-01
7.851000000000000201e-01 3.096999999999999753e-01
1.980000000000000093e-01 6.167000000000000259e-01
2.028999999999999970e-01 6.583999999999999853e-01
6.915999999999999925e-01 4.189999999999999974e-02
6.230000000000000121e-02 5.391000000000000236e-01
3.459999999999999881e-02 5.214999999999999636e-01
1.034000000000000058e-01 6.077000000000000179e-01
3.706999999999999740e-01 9.443000000000000282e-01
8.649999999999999911e-01 3.266000000000000014e-01
5.687999999999999723e-01 2.419999999999999929e-01
6.171999999999999709e-01 1.920000000000000040e-01
1.839000000000000079e-01 5.309000000000000385e-01
1.159000000000000030e-01 6.745999999999999774e-01
8.933999999999999719e-01 3.503000000000000003e-01
8.989999999999999380e-02 7.461999999999999744e-01
9.756000000000000227e-01 3.896999999999999909e-01
8.985999999999999543e-01 4.637999999999999901e-01
1.313999999999999890e-01 6.454999999999999627e-01
6.482999999999999874e-01 2.177999999999999936e-01
7.529000000000000137e-01 4.645000000000000240e-01
3.738000000000000211e-01 7.979000000000000536e-01
2.994999999999999885e-01 9.306999999999999718e-01
4.868000000000000105e-01 8.052000000000000268e-01
7.995999999999999774e-01 4.002000000000000002e-01
7.929999999999999549e-02 5.666999999999999815e-01
3.296000000000000041e-01 8.247999999999999776e-01
4.549999999999999878e-02 6.765999999999999792e-01
5.709999999999999520e-01 2.122999999999999887e-01
9.759999999999999787e-01 2.596999999999999864e-01
8.224000000000000199e-01 2.760000000000000231e-01
9.335999999999999854e-01 3.593999999999999972e-01
6.111999999999999655e-01 1.089999999999999997e-02
2.459999999999999964e-01 7.473999999999999533e-01
4.733999999999999875e-01 7.925999999999999712e-01
9.700000000000000289e-02 6.088999999999999968e-01
6.560000000000000275e-01 7.620000000000000384e-02
8.642999999999999572e-01 3.736999999999999766e-01
6.321999999999999842e-01 2.340000000000000135e-01
9.952999999999999625e-01 4.969000000000000083e-01
4.854999999999999871e-01 8.736000000000000432e-01
2.116000000000000103e-01 5.987000000000000099e-01
1.117999999999999966e-01 5.125999999999999446e-01
7.140999999999999570e-01 1.385000000000000120e-01
2.752000000000000002e-01 7.922000000000000153e-01
4.066000000000000170e-01 8.761999999999999789e-01
9.103999999999999870e-01 3.456000000000000183e-01
7.717000000000000526e-01 2.674000000000000266e-01
4.660000000000000253e-02 7.468000000000000194e-01
2.126000000000000112e-01 7.089999999999999636e-01
2.968000000000000083e-01 9.634000000000000341e-01
6.313999999999999613e-01 8.999999999999999320e-03
6.338000000000000300e-01 2.272000000000000131e-01
5.558999999999999497e-01 1.996999999999999886e-01
7.270999999999999686e-01 9.890000000000000180e-02
7.358999999999999986e-01 1.734999999999999876e-01
2.898000000000000020e-01 8.782999999999999696e-01
5.473999999999999977e-01 8.350000000000000477e-02
3.367999999999999883e-01 7.963000000000000078e-01
2.713999999999999746e-01 7.933000000000000052e-01
6.465999999999999526e-01 1.708000000000000074e-01
8.581999999999999629e-01 4.007999999999999896e-01
6.031999999999999584e-01 2.989999999999999949e-02
8.778000000000000247e-01 4.037999999999999923e-01
9.593000000000000416e-01 4.260999999999999788e-01
1.237000000000000044e-01 6.498000000000000442e-01
3.967999999999999861e-01 9.526999999999999913e-01
9.123999999999999888e-01 4.309999999999999942e-01
1.269000000000000128e-01 6.682000000000000162e-01
1.436999999999999944e-01 7.386000000000000343e-01
6.645999999999999686e-01 1.796999999999999986e-01
7.601999999999999869e-01 4.848999999999999977e-01
6.040999999999999703e-01 1.280000000000000027e-01
7.449999999999999956e-01 1.673000000000000043e-01
6.717999999999999527e-01 1.441999999999999948e-01
6.606999999999999540e-01 9.130000000000000615e-02
3.145999999999999908e-01 8.902999999999999803e-01
9.730999999999999650e-01 3.857999999999999763e-01
7.400999999999999801e-01 1.521000000000000130e-01
4.479000000000000203e-01 8.990000000000000213e-01
7.439999999999999392e-02 5.493000000000000105e-01
1.454999999999999905e-01 7.391999999999999682e-01
5.419000000000000483e-01 1.198000000000000037e-01
3.549999999999999822e-01 8.627000000000000224e-01
1.968999999999999917e-01 5.874000000000000332e-01
1.609999999999999973e-02 5.272999999999999909e-01
2.180999999999999883e-01 5.365999999999999659e-01
8.669000000000000039e-01 3.143000000000000238e-01
5.355999999999999650e-01 1.348000000000000032e-01
4.868999999999999995e-01 7.920000000000000373e-01
2.109000000000000041e-01 7.438000000000000167e-01
4.053999999999999826e-01 8.496000000000000218e-01
2.812999999999999945e-01 8.006999999999999673e-01
5.279000000000000359e-01 1.963999999999999913e-01
7.628000000000000336e-01 2.687999999999999834e-01
5.860999999999999543e-01 7.670000000000000429e-02
5.789999999999999591e-01 2.102999999999999869e-01
4.546000000000000041e-01 8.745000000000000551e-01
7.109999999999999654e-01 1.580000000000000154e-02
4.324000000000000066e-01 7.836999999999999522e-01
2.391999999999999960e-01 6.929999999999999494e-01
9.475999999999999979e-01 3.361000000000000099e-01
2.963999999999999968e-01 9.019000000000000350e-01
4.899999999999999842e-03 5.655999999999999917e-01
3.914000000000000257e-01 9.493000000000000327e-01
2.482999999999999929e-01 5.981999999999999540e-01
2.730000000000000135e-02 6.212999999999999634e-01
8.164000000000000146e-01 3.160000000000000031e-01
4.390999999999999903e-01 8.335000000000000187e-01
9.972999999999999643e-01 3.134000000000000119e-01
6.797999999999999599e-01 4.909999999999999781e-02
2.429000000000000048e-01 6.791000000000000369e-01
4.070000000000000007e-02 5.856999999999999984e-01
4.334000000000000075e-01 9.153000000000000025e-01
5.569999999999999951e-02 6.915999999999999925e-01
5.328000000000000513e-01 2.069000000000000006e-01
8.937000000000000499e-01 4.198999999999999955e-01
9.848000000000000087e-01 4.263000000000000123e-01
5.093999999999999639e-01 1.361999999999999877e-01
9.838999999999999968e-01 4.701000000000000179e-01
4.384000000000000119e-01 9.905000000000000471e-01
6.997999999999999776e-01 1.870999999999999885e-01
8.139999999999999458e-01 4.148000000000000020e-01
4.173999999999999932e-01 9.584000000000000297e-01
9.705000000000000293e-01 3.531000000000000250e-01
4.464000000000000190e-01 7.690000000000000169e-01
4.794999999999999818e-01 7.691999999999999948e-01
8.393000000000000460e-01 4.890999999999999792e-01
6.562000000000000055e-01 7.920000000000000651e-02
2.737999999999999878e-01 9.890999999999999792e-01
4.515000000000000124e-01 7.625999999999999446e-01
3.064999999999999947e-01 9.858999999999999986e-01
3.261000000000000010e-01 8.590999999999999748e-01
8.575000000000000400e-01 3.266000000000000014e-01
9.249000000000000554e-01 3.413999999999999813e-01
7.733999999999999764e-01 4.176000000000000267e-01
7.582999999999999741e-01 3.459999999999999742e-01
2.295000000000000095e-01 6.865999999999999881e-01
8.780999999999999917e-01 4.915999999999999814e-01
7.234000000000000430e-01 1.645000000000000073e-01
4.587999999999999856e-01 9.365999999999999881e-01
8.437999999999999945e-01 4.653999999999999804e-01
6.159999999999999920e-01 2.102999999999999869e-01
3.643000000000000127e-01 7.640000000000000124e-01
5.983000000000000540e-01 1.854000000000000092e-01
6.731000000000000316e-01 1.252999999999999947e-01
9.869999999999999607e-02 7.017999999999999794e-01
6.676999999999999602e-01 1.208999999999999936e-01
7.413999999999999480e-01 1.562000000000000055e-01
1.862000000000000044e-01 7.231999999999999540e-01
4.144999999999999796e-01 8.135999999999999899e-01
4.238000000000000100e-01 8.752999999999999670e-01
3.417000000000000037e-01 7.890000000000000346e-01
7.661000000000000032e-01 4.224999999999999867e-01
3.706999999999999740e-01 8.197999999999999732e-01
1.184999999999999942e-01 7.228999999999999870e-01
8.393000000000000460e-01 4.232000000000000206e-01
3.153000000000000247e-01 7.557000000000000384e-01
9.530999999999999472e-01 3.573999999999999955e-01
1.158000000000000002e-01 7.183000000000000496e-01
6.049999999999999822e-02 7.416000000000000369e-01
9.010000000000000231e-01 3.427999999999999936e-01
2.381000000000000061e-01 6.643000000000000016e-01
6.523999999999999799e-01 5.949999999999999734e-02
3.468999999999999861e-01 9.144999999999999796e-01
1.342000000000000137e-01 5.548999999999999488e-01
1.140000000000000041e-02 6.139999999999999902e-01
5.535999999999999810e-01 1.118999999999999995e-01
8.692999999999999616e-01 3.899000000000000243e-01
5.655999999999999917e-01 1.318000000000000005e-01
8.212000000000000410e-01 3.076999999999999735e-01
8.206999999999999851e-01 4.551999999999999935e-01
2.006999999999999895e-01 5.118000000000000327e-01
9.507999999999999785e-01 4.665000000000000258e-01
2.589999999999999941e-02 6.669000000000000483e-01
2.142000000000000015e-01 6.405999999999999472e-01
4.907000000000000250e-01 8.205000000000000071e-01
4.915999999999999814e-01 7.917999999999999483e-01
5.198000000000000398e-01 1.439999999999999961e-02
8.319999999999999618e-01 4.283000000000000140e-01
1.715000000000000135e-01 7.207999999999999963e-01
4.581000000000000072e-01 8.631999999999999673e-01
3.256000000000000005e-01 8.205999999999999961e-01
5.142999999999999794e-01 1.101000000000000034e-01
8.700999999999999845e-01 3.951000000000000068e-01
4.950999999999999845e-01 9.184999999999999831e-01
7.069999999999999896e-02 5.625000000000000000e-01
2.326000000000000012e-01 6.332999999999999741e-01
2.730000000000000204e-01 8.314000000000000279e-01
2.700000000000000143e-03 6.732000000000000206e-01
7.180999999999999606e-01 1.922000000000000097e-01
2.983000000000000096e-01 7.953999999999999959e-01
6.429999999999999605e-02 5.092999999999999750e-01
3.028000000000000136e-01 8.643999999999999462e-01
6.219999999999999973e-01 1.100000000000000006e-01
9.845000000000000417e-01 3.181999999999999829e-01
7.641999999999999904e-01 3.552000000000000157e-01
4.616000000000000103e-01 8.266000000000000014e-01
1.257999999999999952e-01 6.978999999999999648e-01
5.013999999999999568e-01 1.784999999999999920e-01
5.505999999999999783e-01 1.789000000000000035e-01
1.066000000000000003e-01 5.894000000000000350e-01
8.870000000000000107e-01 3.069999999999999951e-01
1.703000000000000069e-01 6.099999999999999867e-01
6.887999999999999678e-01 2.162999999999999923e-01
3.453999999999999848e-01 9.952999999999999625e-01
4.781000000000000250e-01 9.372000000000000330e-01
4.100000000000000172e-02 7.385000000000000453e-01
4.602999999999999869e-01 9.696000000000000174e-01
3.809000000000000163e-01 9.876000000000000334e-01
8.910000000000000142e-01 3.786999999999999811e-01
9.824000000000000510e-01 3.049999999999999933e-01
8.900000000000000133e-01 2.641000000000000014e-01
2.398000000000000131e-01 5.244999999999999662e-01
6.843000000000000194e-01 8.079999999999999682e-02
5.033999999999999586e-01 9.499999999999999764e-03
8.395000000000000240e-01 2.973000000000000087e-01
2.741999999999999993e-01 9.013999999999999790e-01
7.654999999999999583e-01 3.850000000000000089e-01
7.150999999999999579e-01 1.477999999999999869e-01
6.088999999999999968e-01 1.598999999999999866e-01
8.308999999999999719e-01 3.970000000000000195e-01
6.481999999999999984e-01 1.925000000000000044e-01
8.246999999999999886e-01 4.184999999999999831e-01
3.297999999999999821e-01 9.956000000000000405e-01
4.016000000000000125e-01 8.185000000000000053e-01
8.778000000000000247e-01 4.899999999999999911e-01
9.828999999999999959e-01 3.577000000000000179e-01
9.750999999999999668e-01 4.628999999999999782e-01
1.564000000000000112e-01 7.442999999999999616e-01
1.759999999999999898e-01 6.284999999999999476e-01
3.726999999999999758e-01 9.163999999999999924e-01
3.899999999999999994e-02 6.411000000000000032e-01
6.395999999999999464e-01 4.499999999999999833e-02
5.134999999999999565e-01 9.740000000000000047e-02
5.548999999999999488e-01 2.205999999999999905e-01
2.346999999999999920e-01 6.491999999999999993e-01
2.923999999999999932e-01 9.196999999999999620e-01
1.710000000000000131e-01 5.787999999999999812e-01
6.130000000000000032e-02 5.784000000000000252e-01
5.199000000000000288e-01 2.043000000000000094e-01
1.356999999999999873e-01 7.330999999999999739e-01
3.919000000000000261e-01 8.980000000000000204e-01
5.433000000000000052e-01 2.920000000000000026e-02
3.748000000000000220e-01 9.781999999999999584e-01
5.242999999999999883e-01 1.789999999999999925e-02
5.877999999999999892e-01 1.592999999999999972e-01
6.995000000000000107e-01 1.129999999999999928e-02
9.743000000000000549e-01 2.893000000000000016e-01
1.169000000000000039e-01 5.813000000000000389e-01
9.497999999999999776e-01 3.573000000000000065e-01
6.420000000000000151e-01 2.255999999999999950e-01
5.464999999999999858e-01 1.179999999999999973e-02
2.399999999999999790e-03 6.798999999999999488e-01
5.636999999999999789e-01 1.750000000000000167e-02
7.667000000000000481e-01 4.640000000000000235e-01
7.330000000000000404e-02 5.889999999999999680e-01
5.210000000000000187e-01 2.270000000000000143e-02
6.129000000000000004e-01 8.160000000000000586e-02
7.079999999999999627e-01 1.248999999999999971e-01
3.895000000000000129e-01 9.606999999999999984e-01
5.508999999999999453e-01 1.290999999999999925e-01
6.879999999999999449e-01 2.970000000000000070e-02
3.529999999999999805e-01 9.379999999999999449e-01
4.108999999999999875e-01 8.574000000000000510e-01
9.143999999999999906e-01 4.268000000000000127e-01
2.901000000000000245e-01 7.841000000000000192e-01
7.839000000000000412e-01 2.760000000000000231e-01
7.468000000000000194e-01 2.249999999999999917e-02
9.166999999999999593e-01 3.094999999999999973e-01
6.822000000000000286e-01 2.599999999999999881e-02
2.099999999999999922e-01 6.522000000000000020e-01
2.429000000000000048e-01 7.299999999999999822e-01
3.065999999999999837e-01 7.754999999999999671e-01
6.707999999999999519e-01 1.353999999999999926e-01
5.921999999999999487e-01 5.599999999999999943e-03
3.099000000000000088e-01 9.244999999999999885e-01
5.062999999999999723e-01 1.477999999999999869e-01
5.128000000000000336e-01 5.709999999999999798e-02
4.119999999999999774e-01 7.687000000000000499e-01
7.016999999999999904e-01 4.329999999999999821e-02
7.720000000000000195e-01 4.556999999999999940e-01
7.241999999999999549e-01 1.231000000000000011e-01
2.450000000000000094e-02 6.397000000000000464e-01
1.758000000000000118e-01 6.921000000000000485e-01
1.519999999999999997e-02 5.502000000000000224e-01
3.950000000000000178e-01 7.795999999999999597e-01
6.671000000000000263e-01 1.915000000000000036e-01
1.902999999999999969e-01 5.553000000000000158e-01
1.398999999999999966e-01 5.776999999999999913e-01
5.934000000000000385e-01 2.429999999999999868e-02
1.613999999999999879e-01 7.116999999999999993e-01
8.617000000000000215e-01 4.254000000000000004e-01
1.733999999999999986e-01 6.052999999999999492e-01
7.955999999999999739e-01 2.614000000000000212e-01
4.148000000000000020e-01 9.011000000000000121e-01
2.944999999999999840e-01 7.869000000000000439e-01
2.227999999999999980e-01 6.424999999999999600e-01
9.356999999999999762e-01 2.837000000000000077e-01
9.434000000000000163e-01 4.889000000000000012e-01
7.731000000000000094e-01 4.546999999999999931e-01
5.273999999999999799e-01 2.084000000000000019e-01
2.723999999999999755e-01 7.641999999999999904e-01
8.840000000000000080e-01 3.044999999999999929e-01
6.470000000000000195e-01 1.257999999999999952e-01
1.882000000000000062e-01 7.307000000000000162e-01
6.753000000000000114e-01 1.728999999999999981e-01
9.791999999999999593e-01 3.422999999999999932e-01
7.171999999999999487e-01 1.986999999999999877e-01
7.562999999999999723e-01 4.549000000000000266e-01
8.924999999999999600e-01 4.500000000000000111e-01
5.987999999999999989e-01 1.817000000000000004e-01
5.272000000000000020e-01 8.999999999999999320e-03
8.719999999999999973e-01 3.691999999999999726e-01
4.162000000000000144e-01 7.657000000000000473e-01
1.000000000000000021e-03 5.355999999999999650e-01
2.389999999999999902e-01 6.271999999999999797e-01
0.000000000000000000e+00 6.528000000000000469e-01
2.403000000000000136e-01 6.957999999999999741e-01
9.790000000000000091e-02 6.370999999999999996e-01
7.562999999999999723e-01 3.186999999999999833e-01
7.930000000000000382e-01 4.728999999999999870e-01
3.694999999999999951e-01 8.994999999999999662e-01
8.201000000000000512e-01 4.340999999999999859e-01
5.562000000000000277e-01 4.649999999999999967e-02
3.602000000000000202e-01 9.118000000000000549e-01
8.471999999999999531e-01 3.817999999999999727e-01
5.545999999999999819e-01 1.839999999999999969e-01
3.512000000000000122e-01 9.651999999999999469e-01
2.048999999999999988e-01 5.205999999999999517e-01
1.474999999999999922e-01 6.046000000000000263e-01
9.032000000000000028e-01 3.411000000000000143e-01
1.480000000000000066e-02 6.621000000000000218e-01
2.419999999999999929e-02 6.092999999999999527e-01
8.942999999999999838e-01 4.505000000000000115e-01
5.530000000000000471e-01 1.854999999999999982e-01
6.357000000000000428e-01 1.597999999999999976e-01
4.989000000000000101e-01 9.536999999999999922e-01
8.872999999999999776e-01 3.825000000000000067e-01
5.694000000000000172e-01 1.584000000000000130e-01
8.372000000000000552e-01 3.391000000000000125e-01
3.528999999999999915e-01 8.480999999999999650e-01
8.252000000000000446e-01 4.969000000000000083e-01
5.754000000000000226e-01 7.330000000000000404e-02
4.214999999999999858e-01 7.714999999999999636e-01
8.872999999999999776e-01 4.880999999999999783e-01
1.978000000000000036e-01 5.142999999999999794e-01
3.920000000000000151e-01 8.720999999999999863e-01
4.237000000000000210e-01 9.415999999999999925e-01
4.756000000000000227e-01 8.002000000000000224e-01
7.560000000000000053e-01 4.121000000000000218e-01
7.679999999999999327e-02 6.643000000000000016e-01
4.425000000000000044e-01 9.792999999999999483e-01
4.863999999999999990e-01 9.698999999999999844e-01
9.122999999999999998e-01 4.356999999999999762e-01
9.590999999999999526e-01 4.094999999999999751e-01
9.338999999999999524e-01 4.489000000000000212e-01
3.968999999999999750e-01 9.010000000000000231e-01
5.094999999999999529e-01 1.170000000000000033e-02
6.881000000000000449e-01 5.589999999999999830e-02
2.934999999999999831e-01 9.798999999999999932e-01
9.177999999999999492e-01 3.600999999999999757e-01
9.782999999999999474e-01 4.228000000000000091e-01
8.101000000000000423e-01 3.069999999999999951e-01
7.359999999999999876e-02 6.441999999999999948e-01
2.400000000000000050e-02 5.565999999999999837e-01
6.340000000000000080e-01 2.259999999999999856e-02
8.801999999999999824e-01 4.935999999999999832e-01
6.294999999999999485e-01 6.180000000000000077e-02
8.579999999999999849e-01 3.911000000000000032e-01
2.379999999999999893e-01 5.572000000000000286e-01
5.510000000000000314e-02 6.439000000000000279e-01
8.159999999999999476e-01 2.854999999999999760e-01
9.173000000000000043e-01 2.682999999999999829e-01
8.302000000000000490e-01 3.975000000000000200e-01
2.864999999999999769e-01 7.849000000000000421e-01
6.116000000000000325e-01 1.653000000000000025e-01
3.399999999999999811e-03 6.471000000000000085e-01
9.343000000000000194e-01 2.857000000000000095e-01
6.389000000000000234e-01 9.800000000000000377e-02
1.947000000000000119e-01 6.612999999999999989e-01
1.323000000000000009e-01 6.045000000000000373e-01
8.820000000000000062e-02 6.479000000000000314e-01
7.216000000000000192e-01 1.771000000000000074e-01
2.298000000000000043e-01 7.250999999999999668e-01
4.550000000000000155e-01 9.404000000000000137e-01
9.951999999999999735e-01 3.047000000000000264e-01
5.872000000000000552e-01 2.363999999999999990e-01
7.006000000000000005e-01 1.852999999999999925e-01
6.329000000000000181e-01 2.190999999999999892e-01
7.991000000000000325e-01 2.692999999999999838e-01
6.767999999999999572e-01 1.484000000000000041e-01
5.800000000000000294e-02 6.905000000000000027e-01
5.231999999999999984e-01 9.829999999999999849e-02
1.759000000000000008e-01 5.767999999999999794e-01
8.639999999999999902e-01 2.824999999999999734e-01
2.822000000000000064e-01 8.713999999999999524e-01
3.240000000000000102e-01 8.830999999999999961e-01
7.748000000000000442e-01 2.674000000000000266e-01
2.285999999999999976e-01 7.278000000000000025e-01
1.603999999999999870e-01 6.690000000000000391e-01
3.629999999999999893e-02 5.092999999999999750e-01
3.939999999999999752e-02 5.018000000000000238e-01
2.197999999999999954e-01 7.369999999999999885e-01
5.850999999999999535e-01 2.033999999999999975e-01
3.101999999999999758e-01 8.294000000000000261e-01
8.468999999999999861e-01 4.490000000000000102e-01
4.848999999999999977e-01 8.661999999999999700e-01
2.933999999999999941e-01 8.128999999999999559e-01
7.019999999999999574e-01 1.852999999999999925e-01
5.939999999999999725e-01 2.456000000000000127e-01
4.640000000000000235e-01 8.342000000000000526e-01
1.882999999999999952e-01 7.098999999999999755e-01
8.466000000000000192e-01 3.960000000000000187e-01
9.503000000000000336e-01 4.495999999999999996e-01
3.917999999999999816e-01 7.623999999999999666e-01
8.477000000000000091e-01 3.609999999999999876e-01
1.045999999999999985e-01 7.083000000000000407e-01
9.517999999999999794e-01 4.186000000000000276e-01
6.888999999999999568e-01 1.233000000000000068e-01
6.552999999999999936e-01 9.349999999999999978e-02
1.308999999999999886e-01 6.160999999999999810e-01
4.499999999999999833e-02 6.109999999999999876e-01
9.741999999999999549e-01 4.183999999999999941e-01
9.234999999999999876e-01 3.870999999999999996e-01
6.069999999999999701e-02 6.656999999999999584e-01
1.401999999999999913e-01 7.036000000000000032e-01
3.432999999999999940e-01 8.505000000000000338e-01
2.560999999999999943e-01 7.737000000000000544e-01
8.793999999999999595e-01 4.514000000000000234e-01
7.778000000000000469e-01 2.903999999999999915e-01
5.776000000000000023e-01 8.519999999999999796e-02
9.512000000000000455e-01 3.186999999999999833e-01
8.133000000000000229e-01 3.570999999999999730e-01
3.025999999999999801e-01 8.398999999999999799e-01
1.419999999999999873e-01 6.999999999999999556e-01
7.657000000000000473e-01 4.464000000000000190e-01
8.088999999999999524e-01 3.281000000000000028e-01
5.890000000000000097e-02 7.231999999999999540e-01
9.423000000000000265e-01 4.581000000000000072e-01
6.864000000000000101e-01 6.829999999999999960e-02
7.472999999999999643e-01 1.748999999999999999e-01
8.725000000000000533e-01 2.792999999999999927e-01
9.495000000000000107e-01 4.018999999999999795e-01
5.705000000000000071e-01 1.264000000000000123e-01
6.988999999999999657e-01 9.909999999999999365e-02
1.411999999999999922e-01 5.379000000000000448e-01
5.987000000000000099e-01 9.589999999999999913e-02
6.407000000000000473e-01 6.199999999999999956e-02
7.488000000000000211e-01 1.439999999999999961e-02
8.200000000000000691e-03 5.928999999999999826e-01
8.064999999999999947e-01 3.140999999999999903e-01
6.540000000000000258e-01 5.659999999999999754e-02
7.190999999999999615e-01 3.009999999999999828e-02
4.496999999999999886e-01 8.796000000000000485e-01
9.044999999999999707e-01 4.773000000000000020e-01
1.152999999999999997e-01 6.985000000000000098e-01
7.298000000000000043e-01 1.125000000000000028e-01
2.242000000000000104e-01 5.555999999999999828e-01
1.751000000000000056e-01 5.637999999999999678e-01
9.453000000000000291e-01 3.133000000000000229e-01
3.362999999999999878e-01 8.106999999999999762e-01
5.604000000000000092e-01 1.666999999999999871e-01
8.759000000000000119e-01 4.395999999999999908e-01
2.590999999999999970e-01 9.543000000000000371e-01
3.074999999999999956e-01 9.217999999999999527e-01
5.984000000000000430e-01 1.408000000000000085e-01
7.346000000000000307e-01 9.239999999999999603e-02
5.141000000000000014e-01 2.021000000000000019e-01
9.213999999999999968e-01 4.449000000000000177e-01
5.415999999999999703e-01 2.081000000000000072e-01
8.988000000000000433e-01 4.477999999999999758e-01
5.383000000000000007e-01 1.089999999999999997e-02
9.214999999999999858e-01 4.200999999999999734e-01
7.892000000000000126e-01 4.828000000000000069e-01
6.850000000000000533e-01 1.043000000000000038e-01
7.247999999999999998e-01 1.063999999999999946e-01
7.403999999999999471e-01 1.567000000000000060e-01
9.162000000000000144e-01 4.731000000000000205e-01
8.537000000000000144e-01 3.613000000000000100e-01
1.635000000000000064e-01 5.383000000000000007e-01
2.474999999999999978e-01 6.512000000000000011e-01
4.688999999999999835e-01 8.283000000000000362e-01
8.459999999999999465e-02 5.151999999999999913e-01
4.867000000000000215e-01 7.711000000000000076e-01
9.877000000000000224e-01 4.993000000000000216e-01
7.238999999999999879e-01 2.444999999999999951e-01
8.879000000000000226e-01 4.335999999999999854e-01
8.224000000000000199e-01 4.905999999999999805e-01
4.842000000000000193e-01 8.245000000000000107e-01
1.647000000000000131e-01 7.423999999999999488e-01
3.886000000000000010e-01 8.943999999999999728e-01
1.159000000000000030e-01 7.185000000000000275e-01
1.580000000000000016e-01 5.990999999999999659e-01
5.517999999999999572e-01 1.910000000000000031e-01
7.970000000000000417e-01 4.154999999999999805e-01
6.955000000000000071e-01 3.070000000000000159e-02
3.975000000000000200e-01 8.536000000000000254e-01
3.517000000000000126e-01 8.872999999999999776e-01
2.932000000000000162e-01 9.519999999999999574e-01
2.958000000000000074e-01 9.483000000000000318e-01
7.657000000000000473e-01 3.333999999999999742e-01
4.499999999999999660e-03 7.223000000000000531e-01
3.881999999999999895e-01 8.309999999999999609e-01
4.391999999999999793e-01 9.386999999999999789e-01
2.757999999999999896e-01 8.463000000000000522e-01
4.547999999999999821e-01 8.810999999999999943e-01
3.261999999999999900e-01 9.613000000000000433e-01
8.633999999999999453e-01 4.394000000000000128e-01
7.723999999999999755e-01 3.682000000000000273e-01
9.391000000000000458e-01 2.771000000000000130e-01
8.427999999999999936e-01 4.940999999999999837e-01
9.287999999999999590e-01 2.677999999999999825e-01
8.145999999999999908e-01 4.526999999999999913e-01
6.689000000000000501e-01 2.295000000000000095e-01
1.496999999999999997e-01 7.086999999999999966e-01
1.409999999999999969e-02 5.272999999999999909e-01
6.189000000000000057e-01 1.151999999999999968e-01
6.751000000000000334e-01 7.400000000000000328e-03
6.397000000000000464e-01 1.019999999999999934e-01
8.339999999999999636e-01 2.785000000000000253e-01
2.674000000000000266e-01 9.306999999999999718e-01
7.660000000000000142e-01 4.845999999999999752e-01
5.059000000000000163e-01 1.068999999999999950e-01
9.151000000000000245e-01 2.970999999999999752e-01
2.379999999999999893e-01 7.114000000000000323e-01
7.610000000000000098e-02 7.146000000000000130e-01
4.534000000000000252e-01 7.574999999999999512e-01
3.704999999999999960e-01 8.323000000000000398e-01
9.179000000000000492e-01 3.462000000000000077e-01
3.282999999999999807e-01 8.312000000000000499e-01
7.147999999999999909e-01 1.000999999999999945e-01
8.669999999999999929e-02 7.019999999999999574e-01
1.315000000000000058e-01 5.443000000000000060e-01
1.778000000000000136e-01 6.622999999999999998e-01
8.790000000000000591e-02 6.212999999999999634e-01
2.311999999999999889e-01 5.113999999999999657e-01
9.963999999999999524e-01 4.865999999999999770e-01
2.539000000000000146e-01 8.531999999999999584e-01
3.942999999999999838e-01 9.900999999999999801e-01
8.158999999999999586e-01 2.571999999999999842e-01
2.489999999999999991e-01 6.667999999999999483e-01
8.885999999999999455e-01 2.934999999999999831e-01
7.086999999999999966e-01 1.255999999999999894e-01
3.780000000000000027e-01 8.167999999999999705e-01
1.371999999999999886e-01 5.512000000000000233e-01
5.483999999999999986e-01 1.980999999999999983e-01
3.839000000000000190e-01 8.295000000000000151e-01
2.604000000000000203e-01 8.409999999999999698e-01
7.870000000000000606e-02 5.314999999999999725e-01
5.147000000000000464e-01 2.043999999999999984e-01
2.323999999999999955e-01 6.112999999999999545e-01
3.269000000000000239e-01 8.152000000000000357e-01
3.346000000000000085e-01 9.060000000000000275e-01
1.554999999999999993e-01 5.659999999999999476e-01
5.265999999999999570e-01 7.900000000000000078e-02
5.467999999999999527e-01 1.494999999999999940e-01
7.155000000000000249e-01 2.305999999999999994e-01
1.746000000000000052e-01 6.260999999999999899e-01
1.937000000000000111e-01 6.145000000000000462e-01
7.400000000000000328e-03 7.480999999999999872e-01
3.524999999999999800e-01 8.643999999999999462e-01
9.307999999999999607e-01 3.896999999999999909e-01
9.871999999999999664e-01 3.148000000000000242e-01
8.954999999999999627e-01 2.842999999999999972e-01
1.703000000000000069e-01 5.789999999999999591e-01
3.331999999999999962e-01 8.050000000000000488e-01
6.233999999999999542e-01 1.729999999999999941e-02
3.230000000000000093e-01 8.423000000000000487e-01
6.139000000000000012e-01 1.305000000000000049e-01
6.019999999999999657e-02 7.058999999999999719e-01
4.480000000000000093e-01 9.072000000000000064e-01
1.913999999999999868e-01 7.125000000000000222e-01
9.437999999999999723e-01 4.897000000000000242e-01
9.796000000000000263e-01 4.855999999999999761e-01
9.070000000000000284e-01 3.161999999999999811e-01
6.915000000000000036e-01 1.484000000000000041e-01
5.665999999999999925e-01 2.074999999999999900e-01
9.847000000000000197e-01 3.202999999999999736e-01
1.469000000000000028e-01 5.746999999999999886e-01
3.607000000000000206e-01 8.732999999999999652e-01
3.950000000000000039e-02 6.954000000000000181e-01
8.212000000000000410e-01 4.430000000000000049e-01
6.469000000000000306e-01 1.280000000000000027e-01
4.475000000000000089e-01 9.552000000000000490e-01
8.243000000000000327e-01 2.708999999999999742e-01
7.371999999999999664e-01 1.514000000000000068e-01
5.684000000000000163e-01 1.718000000000000083e-01
3.180000000000000188e-02 7.472999999999999643e-01
5.650000000000000161e-02 6.497000000000000552e-01
2.829999999999999877e-02 5.823000000000000398e-01
3.313999999999999724e-01 7.962000000000000188e-01
9.473000000000000309e-01 4.324999999999999956e-01
8.902999999999999803e-01 3.170999999999999930e-01
8.924999999999999600e-01 2.535000000000000031e-01
2.964999999999999858e-01 9.070000000000000284e-01
1.395000000000000129e-01 6.660000000000000364e-01
7.191999999999999504e-01 2.029999999999999860e-02
9.947000000000000286e-01 4.403000000000000247e-01
7.440999999999999837e-01 1.739999999999999880e-01
2.614000000000000212e-01 7.677000000000000490e-01
2.109999999999999931e-01 5.824000000000000288e-01
7.810000000000000275e-02 6.792000000000000259e-01
1.676999999999999880e-01 5.860999999999999543e-01
6.736999999999999655e-01 1.111999999999999933e-01
4.314999999999999947e-01 7.642999999999999794e-01
7.850000000000000033e-02 5.323999999999999844e-01
2.917000000000000148e-01 8.963999999999999746e-01
5.190000000000000169e-02 6.383999999999999675e-01
4.898000000000000131e-01 7.649000000000000243e-01
1.733000000000000096e-01 6.523999999999999799e-01
8.329999999999999627e-01 3.570999999999999730e-01
7.169999999999999707e-01 4.569999999999999757e-02
5.919999999999999707e-01 1.756000000000000061e-01
6.838999999999999524e-01 6.569999999999999452e-02
5.897000000000000020e-01 7.280000000000000360e-02
8.263000000000000345e-01 3.831999999999999851e-01
5.833000000000000407e-01 2.190999999999999892e-01
7.052000000000000490e-01 2.403000000000000136e-01
5.758999999999999675e-01 9.400000000000000369e-03
8.629999999999999893e-01 4.314999999999999947e-01
5.374999999999999778e-01 2.361999999999999933e-01
1.439999999999999891e-01 5.948999999999999844e-01
8.469999999999999751e-01 2.881000000000000227e-01
4.637000000000000011e-01 9.915000000000000480e-01
9.879999999999999893e-02 7.331999999999999629e-01
3.276999999999999913e-01 8.199999999999999512e-01
3.780000000000000027e-01 9.912999999999999590e-01
7.409999999999999920e-02 7.207000000000000073e-01
1.832999999999999907e-01 5.424999999999999822e-01
9.237999999999999545e-01 4.819999999999999840e-01
9.633000000000000451e-01 3.680999999999999828e-01
2.525000000000000022e-01 8.113000000000000211e-01
1.683000000000000052e-01 6.047000000000000153e-01
5.437999999999999501e-01 2.411000000000000087e-01
7.648000000000000353e-01 2.582999999999999741e-01
2.116000000000000103e-01 5.840999999999999526e-01
2.795000000000000262e-01 9.735000000000000320e-01
3.799999999999999906e-02 7.477000000000000313e-01
8.627000000000000224e-01 3.675999999999999823e-01
5.879999999999999810e-02 5.078000000000000291e-01
4.578999999999999737e-01 9.457999999999999741e-01
1.099999999999999936e-02 6.784000000000000030e-01
9.384000000000000119e-01 3.156999999999999806e-01
3.939999999999999752e-02 5.322000000000000064e-01
7.822000000000000064e-01 2.556999999999999829e-01
9.074999999999999734e-01 4.063999999999999835e-01
8.010000000000000453e-02 6.132999999999999563e-01
5.967999999999999972e-01 9.420000000000000595e-02
8.143000000000000238e-01 2.823999999999999844e-01
1.214999999999999969e-01 6.444999999999999618e-01
2.847000000000000086e-01 7.829000000000000403e-01
5.729999999999999538e-01 1.139000000000000012e-01
6.714999999999999858e-01 8.000000000000000167e-02
5.332000000000000073e-01 1.796999999999999986e-01
3.821999999999999842e-01 9.525000000000000133e-01
1.776000000000000079e-01 6.101999999999999647e-01
3.729000000000000092e-01 8.259999999999999565e-01
2.366000000000000048e-01 6.248000000000000220e-01
4.809999999999999692e-02 7.137999999999999901e-01
4.847000000000000197e-01 9.322000000000000286e-01
4.536999999999999922e-01 9.233000000000000096e-01
2.321000000000000008e-01 5.446999999999999620e-01
9.100000000000000311e-01 3.658000000000000140e-01
5.639999999999999458e-01 2.018999999999999961e-01
8.890000000000000124e-01 4.919000000000000039e-01
1.710000000000000131e-01 5.241999999999999993e-01
1.247999999999999943e-01 6.931000000000000494e-01
7.140000000000000513e-02 6.979999999999999538e-01
6.604999999999999760e-01 5.300000000000000024e-03
6.120999999999999774e-01 7.789999999999999702e-02
4.541999999999999926e-01 7.511999999999999789e-01
3.004000000000000004e-01 9.522000000000000464e-01
1.751999999999999946e-01 5.341000000000000192e-01
8.406000000000000139e-01 4.509000000000000230e-01
1.295999999999999930e-01 6.739000000000000545e-01
1.622000000000000108e-01 6.535999999999999588e-01
4.411999999999999811e-01 8.356000000000000094e-01
4.000000000000000222e-01 7.971000000000000307e-01
2.079000000000000015e-01 5.643000000000000238e-01
3.101999999999999758e-01 9.485000000000000098e-01
1.303999999999999881e-01 5.652000000000000357e-01
7.693999999999999728e-01 4.204999999999999849e-01
5.876000000000000112e-01 1.723000000000000087e-01
9.734000000000000430e-01 4.284000000000000030e-01
5.162999999999999812e-01 5.870000000000000218e-02
8.061000000000000387e-01 3.867999999999999772e-01
7.450999999999999845e-01 1.880999999999999894e-01
1.491000000000000103e-01 5.900999999999999579e-01
8.917000000000000481e-01 3.294000000000000261e-01
1.058000000000000052e-01 5.749999999999999556e-01
8.743999999999999551e-01 2.847000000000000086e-01
3.482000000000000095e-01 9.237999999999999545e-01
3.632000000000000228e-01 9.346999999999999753e-01
5.720000000000000084e-02 7.165000000000000258e-01
1.928999999999999881e-01 6.180999999999999828e-01
4.419000000000000150e-01 8.792999999999999705e-01
4.979999999999999982e-01 9.645000000000000240e-01
1.215999999999999998e-01 5.048000000000000265e-01
1.539000000000000090e-01 6.469000000000000306e-01
8.500999999999999668e-01 3.275000000000000133e-01
8.941000000000000059e-01 3.098000000000000198e-01
2.934999999999999831e-01 9.093999999999999861e-01
2.944999999999999840e-01 9.503000000000000336e-01
1.048000000000000043e-01 5.279000000000000359e-01
3.299000000000000266e-01 8.690999999999999837e-01
5.356999999999999540e-01 2.162000000000000033e-01
6.616999999999999549e-01 1.637000000000000122e-01
7.066999999999999948e-01 1.210999999999999993e-01
