0, 0.19619990377352364, 4.8108426871180506e-08, 0.19619995188195052
0.050000000000000405, 0.1842986095690437, 0.011488719993170395, 0.1957873295622141
0.10000000000000184, 0.149511529234013, 0.04365362696035485, 0.19316515619436786
0.1499999999999998, 0.09295487015641635, 0.09346530488837684, 0.1864201750447932
0.1999999999999943, 0.015690398992953648, 0.158234380486178, 0.17392477947913165
0.2499999999999888, 0.060781172293152885, 0.09988330793306989, 0.16066448022622276
0.2999999999999833, 0.11654539264020301, 0.037501111457069025, 0.15404650409727205
0.3499999999999778, 0.14612357984647165, 0.005964511071221576, 0.1520880909176932
0.39999999999997227, 0.15079290409466412, 0.0011231418286898102, 0.15191604592335392
0.44999999999996676, 0.13176824420526242, 0.019280870233794073, 0.1510491144390565
0.49999999999996125, 0.0902052257702513, 0.05714967639418416, 0.14735490216443545
0.5499999999999557, 0.027203111108091843, 0.11180806602677491, 0.13901117713486677
0.5999999999999502, 0.04217158916101463, 0.08585576787017209, 0.12802735703118673
0.6499999999999447, 0.09300810325718475, 0.029495899254365868, 0.12250400251155062
0.6999999999999392, 0.11789892300153415, 0.003179882455890125, 0.12107880545742428
0.7499999999999337, 0.11810949654413602, 0.0028448025249337987, 0.12095429906906982
0.7999999999999282, 0.09484355239099394, 0.024873109765898432, 0.11971666215689238
0.8499999999999227, 0.04924610965338688, 0.06604737218425404, 0.11529348183764092
0.8999999999999172, 0.012034933643820656, 0.09461602732241392, 0.10665096096623458
0.9499999999999117, 0.06599209698600245, 0.03445402419812884, 0.10044612118413129
0.9999999999999062, 0.09385136269508575, 0.0048424909083295935, 0.09869385360341534
1.0499999999999008, 0.09688560232473772, 0.0016632377901674969, 0.09854884011490522
1.0999999999998953, 0.07630560572323765, 0.02124904517202423, 0.09755465089526189
1.1499999999998898, 0.033263108941619456, 0.06033786563623772, 0.09360097457785718
1.1999999999998843, 0.022977835404030117, 0.06347646475418212, 0.08645430015821223
1.2499999999998788, 0.06502808999218301, 0.017604097339685324, 0.08263218733186833
1.2999999999998733, 0.08156118205694553, 0.00036988553400041417, 0.08193106759094594
1.3499999999998678, 0.07382165898535156, 0.007864571799104953, 0.08168623078445651
1.3999999999998622, 0.04299336791231426, 0.036608671046736145, 0.07960203895905041
1.4499999999998567, 0.005606632898345923, 0.06852709073580675, 0.07413372363415267
1.4999999999998512, 0.04976035855446799, 0.020173191290019057, 0.06993354984448705
1.5499999999998457, 0.06829432919013244, 0.0007911964339573941, 0.06908552562408983
1.5999999999998402, 0.06245809593148559, 0.006435327012832243, 0.06889342294431783
1.6499999999998347, 0.03344026560541683, 0.03359328412243989, 0.06703354972785672
1.6999999999998292, 0.012382177478697727, 0.04972102622167445, 0.06210320370037218
1.7499999999998237, 0.04823564217629861, 0.011052278234103784, 0.059287920410402394
1.7999999999998182, 0.058874180097105704, 4.8643422067574834e-05, 0.05892282351917328
1.8499999999998127, 0.04552759769806911, 0.012907487851744781, 0.058435085549813894
1.8999999999998072, 0.009365720142719, 0.046245119086223564, 0.05561083922894257
1.9499999999998017, 0.0309417026172221, 0.02097861699784168, 0.051920319615063784
1.9999999999997962, 0.050076371628234376, 0.0009485715664308737, 0.05102494319466525
2.0499999999999017, 0.044811538910869815, 0.006034193560200542, 0.050845732471070354
2.100000000000007, 0.01633724023392286, 0.032713303374642747, 0.0490505436085656
2.1500000000001127, 0.02275475375915082, 0.02273806276765796, 0.04549281652680878
2.2000000000002182, 0.04316276434776536, 0.0013293390256356938, 0.04449210337340105
2.2500000000003237, 0.03910916857815803, 0.005226563137935542, 0.04433573171609357
2.3000000000004293, 0.011787031245361314, 0.030886565770514476, 0.042673597015875794
2.3500000000005348, 0.023649009392284957, 0.016030175428945314, 0.03967918482123027
2.4000000000006403, 0.038883380740967845, 0.00018112748795841684, 0.039064508228926265
2.450000000000746, 0.02990847939868574, 0.00886890253357705, 0.03877738193226279
2.5000000000008513, 0.0005465591078766566, 0.01990582566055995, 0.020452384768436607
2.550000000000957, 0.02885470611230508, 0.005875645988010129, 0.03473035210031521
2.6000000000010624, 0.03340047542119626, 0.0011602625782750932, 0.03456073799947135
2.650000000001168, 0.014258286731830631, 0.01942625488229382, 0.03368454161412445
2.7000000000012734, 0.01739398531289746, 0.014045584321612337, 0.03143956963450979
2.750000000001379, 0.03089613233361494, 3.3142804750093674e-05, 0.030929275138365034
2.8000000000014844, 0.0202734923603626, 0.01030237467543285, 0.03057586703579545
2.85000000000159, 0.008868413899960887, 0.019693944192541352, 0.028562358092502238
2.9000000000016954, 0.027039252592240378, 0.0007029788219301478, 0.027742231414170527
2.950000000001801, 0.020857598407680575, 0.006684078542755406, 0.02754167695043598
3.0000000000019065, 0.005342471887830097, 0.02056785463795798, 0.025910326525788077
3.050000000002012, 0.02417225768985881, 0.0008669134261115871, 0.0250391711159704
3.1000000000021175, 0.01861741181815494, 0.006236174944994851, 0.02485358676314979
3.150000000002223, 0.006568263623543697, 0.01682296892373324, 0.023391232547276937
3.2000000000023285, 0.02246440616754771, 0.0002689784604088537, 0.022733384627956564
3.250000000002434, 0.014118999484698573, 0.008349600637645213, 0.022468600122343786
3.3000000000025396, 0.010814824579050152, 0.010195313160948401, 0.021010137739998554
3.350000000002645, 0.020563749205253765, 0.00011945746179530862, 0.020683206667049075
3.4000000000027506, 0.006370942579667551, 0.013776514095720359, 0.02014745667538791
3.450000000002856, 0.015511930642438327, 0.003473523683831932, 0.01898545432627026
3.5000000000029616, 0.01626726450356526, 0.0025923080181638565, 0.018859572521729116
3.550000000003067, 0.003880905738384746, 0.013980772739271091, 0.017861678477655837
3.6000000000031727, 0.017324482894105035, 3.021239284597129e-05, 0.017354695286951008
3.650000000003278, 0.006646129681170804, 0.010352719082771088, 0.016998848763941893
3.7000000000033837, 0.013335559452467189, 0.002704671867091006, 0.016040231319558194
3.750000000003489, 0.012608163201097231, 0.0033070385894328046, 0.015915201790530034
3.8000000000035947, 0.0071084412399136515, 0.007912306750776405, 0.015020747990690057
3.8500000000037002, 0.014285494639229498, 0.0005001516362099832, 0.014785646275439481
3.9000000000038058, 0.0005967810418450701, 0.013611212848716667, 0.014207993890561738
3.9500000000039113, 0.013703763147327899, 1.6000763159470906e-05, 0.01371976391048737
4.000000000004016, 0.0027052316189666624, 0.010644422206023494, 0.013349653824990156
4.0500000000039, 0.012275655423467969, 0.0004767279999444858, 0.012752383423412455
4.100000000003783, 0.005092774049480369, 0.007431753738874353, 0.012524527788354722
4.150000000003667, 0.010899834550033096, 0.0009942142680223127, 0.011894048818055409
4.20000000000355, 0.005791674587911286, 0.005926461215750509, 0.011718135803661794
4.250000000003434, 0.009974289727678928, 0.001121988712529906, 0.011096278440208834
4.300000000003317, 0.005286535039089234, 0.00564217486951822, 0.010928709908607455
4.350000000003201, 0.009590478993888362, 0.000796462265131111, 0.010386941259019473
4.400000000003084, 0.003774239454427743, 0.006421073143644704, 0.010195312598072447
4.450000000002968, 0.009461651993837856, 0.0002637615086920394, 0.009725413502529895
4.500000000002851, 0.0010820498064287015, 0.0083774078569261, 0.009459457663354801
4.5500000000027345, 0.009120008963719839, 4.047492037361462e-06, 0.009124056455757201
4.600000000002618, 0.0015383453401278163, 0.00726131326704383, 0.008799658607171646
4.6500000000025015, 0.007915681118003885, 0.0006718243495299849, 0.00858750546753387
4.700000000002385, 0.0051715453378495075, 0.0029931528234379036, 0.008164698161287412
4.750000000002268, 0.0050225201195175356, 0.003017903478494936, 0.00804042359801247
4.800000000002152, 0.007283011066468432, 0.0003720884135258018, 0.007655099479994234
4.850000000002035, 0.00035230911551902537, 0.0016371553221246433, 0.0019894644376436685
4.900000000001919, 0.0068053076175576205, 0.00042053274563235896, 0.00722584036318998
4.950000000001802, 0.004861555067916051, 0.0020293523384338737, 0.006890907406349925