0, 1.961999230098387, 3.8495722157339276e-07, 1.9619996150556087
0.050000000000000405, 1.864920134742756, 0.0974298635854823, 1.9623499983282382
0.10000000000000184, 1.5737639085551491, 0.3921984540098851, 1.9659623625650342
0.1499999999999998, 1.086906416884666, 0.8892617948314812, 1.9761682117161472
0.1999999999999943, 0.4027103685396071, 1.5936635502342753, 1.9963739187738825
0.2499999999999888, 1.359399845556939, 0.5355321806093795, 1.8949320261663183
0.2999999999999833, 1.0182570642893274, 0.7949891554058144, 1.813246219695141
0.3499999999999778, 1.5098871001331668, 0.22279280259745796, 1.7326799027306248
0.39999999999997227, 1.2817847594073302, 0.38502564914787485, 1.6668104085552051
0.44999999999996676, 1.2760764003012341, 0.33270974476901644, 1.6087861450702505
0.49999999999996125, 0.43434307215010115, 1.1308978967585446, 1.5652409689086457
0.5499999999999557, 0.7279252692972017, 0.8106049813831533, 1.5385302506803549
0.5999999999999502, 1.1593268226771083, 0.3746197336762249, 1.5339465563533332
0.6499999999999447, 1.4458617582956184, 0.08025911102396223, 1.5261208693195807
0.6999999999999392, 1.5019156206421465, 0.015132343229554245, 1.5170479638717007
0.7499999999999337, 1.2824645569099682, 0.22713805279889096, 1.509602609708859
0.7999999999999282, 0.9323506741739437, 0.5742340286143592, 1.5065847027883028
0.8499999999999227, 0.4341799635251409, 1.071120966712243, 1.5053009302373839
0.8999999999999172, 1.1255284634022698, 0.3157291156031762, 1.441257579005446
0.9499999999999117, 0.936268360947066, 0.44748558485336226, 1.3837539458004282
0.9999999999999062, 1.1822258291546375, 0.14733938869479762, 1.329565217849435
1.0499999999999008, 0.8482650168063313, 0.43550161342449173, 1.283766630230823
1.0999999999998953, 0.94151890097269, 0.2910905130787215, 1.2326094140514114
1.1499999999998898, 0.7441264941659574, 0.45860783130943555, 1.202734325475393
1.1999999999998843, 0.8977756571508336, 0.25985780245063644, 1.1576334596014701
1.2499999999998788, 0.8892310792723712, 0.2534459200515663, 1.1426769993239376
1.2999999999998733, 0.8104679371749184, 0.3077204841539774, 1.1181884213288957
1.3499999999998678, 0.5992661150266897, 0.49497817420042106, 1.0942442892271107
1.3999999999998622, 0.6844019721991444, 0.38122541333604715, 1.0656273855351917
1.4499999999998567, 0.7691192945334981, 0.2735257259831148, 1.042645020516613
1.4999999999998512, 0.7941005153040821, 0.22591900370482418, 1.0200195190089063
1.5499999999998457, 0.8220134233427299, 0.1787848294837917, 1.0007982528265216
1.5999999999998402, 0.7561616905343032, 0.22635359535353256, 0.9825152858878357
1.6499999999998347, 0.5955744694575346, 0.3711123327442735, 0.966686802201808
1.6999999999998292, 0.6045570872277385, 0.33863581128342807, 0.9431928985111666
1.7499999999998237, 0.8115307721700343, 0.10933728895286149, 0.9208680611228959
1.7999999999998182, 0.7961083580396155, 0.10403520505554509, 0.9001435630951606
1.8499999999998127, 0.6767681612794926, 0.20639977999952527, 0.8831679412790179
1.8999999999998072, 0.6678363888009191, 0.20003382934965375, 0.8678702181505729
1.9499999999998017, 0.720958405799163, 0.13011931034322188, 0.8510777161423849
1.9999999999997962, 0.6864226315061008, 0.1470437209788894, 0.8334663524849902
2.0499999999999017, 0.6123864405122388, 0.20300443311284086, 0.8153908736250797
2.100000000000007, 0.6315609442327152, 0.16454335037949147, 0.7961042946122068
2.1500000000001127, 0.6438543308289614, 0.13368631284450738, 0.7775406436734688
2.2000000000002182, 0.5698165952851469, 0.19072409113766403, 0.760540686422811
2.2500000000003237, 0.5742800418745688, 0.16877798981941414, 0.743058031693983
2.3000000000004293, 0.5693360914279656, 0.15859551435911412, 0.7279316057870797
2.3500000000005348, 0.5581029326306686, 0.15340885909662338, 0.711511791727292
2.4000000000006403, 0.5796495271674184, 0.11777580878008725, 0.6974253359475056
2.450000000000746, 0.5305136292406227, 0.1568140729757227, 0.6873277022163454
2.5000000000008513, 0.44848345793344196, 0.22651319530650338, 0.6749966532399454
2.550000000000957, 0.5932077215483397, 0.07031335536539354, 0.6635210769137332
2.6000000000010624, 0.5948303855134497, 0.058696511610206926, 0.6535268971236566
2.650000000001168, 0.4637510307144125, 0.13644559321712146, 0.600196623931534
2.7000000000012734, 0.5049078363907593, 0.1267566020674346, 0.631664438458194
2.750000000001379, 0.5191638176996338, 0.10182818388847843, 0.6209920015881123
2.8000000000014844, 0.5462989592727047, 0.06594263721839981, 0.6122415964911044
2.85000000000159, 0.4932571817350422, 0.10975471080216949, 0.6030118925372117
2.9000000000016954, 0.48430029180249845, 0.10745288932017305, 0.5917531811226715
2.950000000001801, 0.5284101725867124, 0.058479725857000606, 0.586889898443713
3.0000000000019065, 0.48392829954364525, 0.09564627250773239, 0.5795745720513776
3.050000000002012, 0.483298741393106, 0.08864721705289026, 0.5719459584459963
3.1000000000021175, 0.47990210079393836, 0.08422794975446246, 0.5641300505484008
3.150000000002223, 0.4692461304745288, 0.08637689070126991, 0.5556230211757986
3.2000000000023285, 0.47770867134460104, 0.07072345604630008, 0.5484321273909011
3.250000000002434, 0.4666486904530716, 0.07296740893403453, 0.5396160993871062
3.3000000000025396, 0.466993212240836, 0.06444618326742237, 0.5314393955082584
3.350000000002645, 0.47908073758351183, 0.044655954424310335, 0.5237366920078221
3.4000000000027506, 0.45823813442971173, 0.05391728982638183, 0.5121554242560935
3.450000000002856, 0.46033228195680326, 0.04737113503053337, 0.5077034169873367
3.5000000000029616, 0.46925421526780525, 0.03265048127343516, 0.5019046965412404
3.550000000003067, 0.4548577272743198, 0.046585466587877516, 0.5014431938621973
3.6000000000031727, 0.4431416313682074, 0.053043971167752356, 0.4961856025359597
3.650000000003278, 0.4233920692112409, 0.05725143107852136, 0.48064350028976227
3.7000000000033837, 0.4207532216491602, 0.06530035143321622, 0.4860535730823764
3.750000000003489, 0.43576980479406885, 0.046717441307163265, 0.4824872461012321
3.8000000000035947, 0.4441289923160562, 0.03385889975885699, 0.47798789207491316
3.8500000000037002, 0.4487697215795195, 0.025763969553911508, 0.474533691133431
3.9000000000038058, 0.43694177325542694, 0.032930544347453856, 0.4698723176028808
3.9500000000039113, 0.42482873054865467, 0.039452666800659404, 0.46428139734931406
4.000000000004016, 0.4274497468968485, 0.03316161669579711, 0.4606113635926456
4.0500000000039, 0.41611186350803964, 0.041140030908525624, 0.4572518944165653
4.100000000003783, 0.42371991625290445, 0.03014794483791903, 0.4538678610908235
4.150000000003667, 0.4222062781564707, 0.028130087506965426, 0.45033636566343616
4.20000000000355, 0.42295115532665495, 0.025120940111144414, 0.44807209543779936
4.250000000003434, 0.42022536133318716, 0.025037506086225295, 0.44526286741941246
4.300000000003317, 0.42097110604584936, 0.022024985590794192, 0.44299609163664355
4.350000000003201, 0.413077987013386, 0.027600718717127035, 0.44067870573051304
4.400000000003084, 0.4106651259558098, 0.027472755014363852, 0.43813788097017364
4.450000000002968, 0.4132559086341996, 0.022926295519343196, 0.4361822041535428
4.500000000002851, 0.41467599712360836, 0.019534358865923557, 0.43421035598953195
4.5500000000027345, 0.40983359040838435, 0.022267248957066006, 0.43210083936545035
4.600000000002618, 0.41346966501948956, 0.01669991528762569, 0.4301695803071153
4.6500000000025015, 0.41103397465748687, 0.01755539281624023, 0.4285893674737271
4.700000000002385, 0.41531253377590494, 0.011671721362853374, 0.4269842551387583
4.750000000002268, 0.4125638358755439, 0.012995920407867907, 0.4255597562834118
4.800000000002152, 0.4061312161880925, 0.018269622406509145, 0.42440083859460165
4.850000000002035, 0.4108718887186733, 0.012045967240218208, 0.42291785595889153
4.900000000001919, 0.40827239951440186, 0.013236532608065753, 0.4215089321224676
4.950000000001802, 0.4109111909908846, 0.00929794612681915, 0.42020913711770375