0 0.009899635747198548
10 0.009899635747198548
20 0.012368942526688383
30 0.012368942526688383
40 0.012368942526688383
50 0.012368942526688383
60 0.012368942526688383
70 0.012368942526688383
80 0.012368942526688383
90 0.012368942526688383
100 0.012368942526688383
110 0.012368942526688383
120 0.012368942526688383
130 0.012368942526688383
140 0.012368942526688383
150 0.012368942526688383
160 0.012368942526688383
170 0.012368942526688383
180 0.012368942526688383
190 0.012368942526688383
200 0.012368942526688383
210 0.012368942526688383
220 0.012368942526688383
230 0.012368942526688383
240 0.012368942526688383
250 0.012368942526688383
260 0.012368942526688383
270 0.012368942526688383
280 0.013493349260636446
290 0.025719464937832226
300 0.025719464937832226
310 0.025719464937832226
320 0.025719464937832226
330 0.025719464937832226
340 0.025719464937832226
350 0.025719464937832226
360 0.025719464937832226
370 0.025719464937832226
380 0.025719464937832226
390 0.025719464937832226
400 0.025719464937832226
410 0.025719464937832226
420 0.025719464937832226
430 0.025719464937832226
440 0.025719464937832226
450 0.025719464937832226
460 0.025719464937832226
470 0.025719464937832226
480 0.025719464937832226
490 0.025719464937832226
500 0.025719464937832226
510 0.025719464937832226
520 0.025719464937832226
530 0.025719464937832226
540 0.025719464937832226
550 0.025719464937832226
560 0.025719464937832226
570 0.025719464937832226
580 0.025719464937832226
590 0.025719464937832226
600 0.025719464937832226
610 0.025719464937832226
620 0.025719464937832226
630 0.025719464937832226
640 0.025719464937832226
650 0.025719464937832226
660 0.025719464937832226
670 0.025719464937832226
680 0.025719464937832226
690 0.025719464937832226
700 0.025719464937832226
710 0.025719464937832226
720 0.025719464937832226
730 0.025719464937832226
740 0.025719464937832226
750 0.025719464937832226
760 0.025719464937832226
770 0.025719464937832226
780 0.025719464937832226
790 0.025719464937832226
800 0.025719464937832226
810 0.025719464937832226
820 0.025719464937832226
830 0.025719464937832226
840 0.025719464937832226
850 0.025719464937832226
860 0.025719464937832226
870 0.025719464937832226
880 0.025719464937832226
890 0.025719464937832226
900 0.025719464937832226
910 0.025719464937832226
920 0.025719464937832226
930 0.025719464937832226
940 0.025719464937832226
950 0.025719464937832226
960 0.025719464937832226
970 0.025719464937832226
980 0.025719464937832226
990 0.025719464937832226