0 0.005073460298943861
10 0.005073460298943861
20 0.008813909380416637
30 0.008813909380416637
40 0.008813909380416637
50 0.008813909380416637
60 0.008813909380416637
70 0.008813909380416637
80 0.008813909380416637
90 0.008813909380416637
100 0.008813909380416637
110 0.008813909380416637
120 0.008813909380416637
130 0.009908716407734297
140 0.022953806301448627
150 0.022953806301448627
160 0.022953806301448627
170 0.022953806301448627
180 0.022953806301448627
190 0.022953806301448627
200 0.022953806301448627
210 0.022953806301448627
220 0.022953806301448627
230 0.022953806301448627
240 0.022953806301448627
250 0.022953806301448627
260 0.022953806301448627
270 0.022953806301448627
280 0.022953806301448627
290 0.022953806301448627
300 0.022953806301448627
310 0.022953806301448627
320 0.022953806301448627
330 0.022953806301448627
340 0.022953806301448627
350 0.022953806301448627
360 0.022953806301448627
370 0.022953806301448627
380 0.022953806301448627
390 0.022953806301448627
400 0.022953806301448627
410 0.024419507959274275
420 0.024419507959274275
430 0.024419507959274275
440 0.024419507959274275
450 0.024419507959274275
460 0.024419507959274275
470 0.024419507959274275
480 0.024419507959274275
490 0.024419507959274275
500 0.024419507959274275
510 0.024419507959274275
520 0.024419507959274275
530 0.024419507959274275
540 0.024419507959274275
550 0.024419507959274275
560 0.024419507959274275
570 0.024419507959274275
580 0.024419507959274275
590 0.024419507959274275
600 0.02554565290199099
610 0.02554565290199099
620 0.02554565290199099
630 0.02554565290199099
640 0.02554565290199099
650 0.02554565290199099
660 0.02554565290199099
670 0.02554565290199099
680 0.02554565290199099
690 0.02554565290199099
700 0.02554565290199099
710 0.02554565290199099
720 0.02554565290199099
730 0.02554565290199099
740 0.02554565290199099
750 0.02554565290199099
760 0.02554565290199099
770 0.02554565290199099
780 0.02554565290199099
790 0.02554565290199099
800 0.02554565290199099
810 0.02554565290199099
820 0.02554565290199099
830 0.02554565290199099
840 0.02554565290199099
850 0.02554565290199099
860 0.02554565290199099
870 0.02554565290199099
880 0.02554565290199099
890 0.02554565290199099
900 0.02554565290199099
910 0.02554565290199099
920 0.02554565290199099
930 0.02554565290199099
940 0.02554565290199099
950 0.02554565290199099
960 0.02554565290199099
970 0.02554565290199099
980 0.02554565290199099
990 0.02554565290199099