0 0.002424654086789494
10 0.008859598784646988
20 0.008859598784646988
30 0.008859598784646988
40 0.010508975280792213
50 0.013035651552842744
60 0.013035651552842744
70 0.013035651552842744
80 0.013035651552842744
90 0.013035651552842744
100 0.013035651552842744
110 0.013035651552842744
120 0.013035651552842744
130 0.013035651552842744
140 0.013091975822860221
150 0.013091975822860221
160 0.013091975822860221
170 0.013091975822860221
180 0.013091975822860221
190 0.013246508358244218
200 0.013246508358244218
210 0.013246508358244218
220 0.013246508358244218
230 0.013246508358244218
240 0.013246508358244218
250 0.013246508358244218
260 0.013246508358244218
270 0.013246508358244218
280 0.013246508358244218
290 0.013246508358244218
300 0.013246508358244218
310 0.013246508358244218
320 0.013246508358244218
330 0.013246508358244218
340 0.013246508358244218
350 0.013246508358244218
360 0.013246508358244218
370 0.013246508358244218
380 0.013246508358244218
390 0.013246508358244218