0 0.002424654086789494
10 0.008859598784646988
20 0.008859598784646988
30 0.008859598784646988
40 0.010508975280792213
50 0.013035651552842744
60 0.013035651552842744
70 0.013035651552842744
80 0.013035651552842744
90 0.013035651552842744
100 0.013035651552842744
110 0.013035651552842744
120 0.013035651552842744
130 0.013035651552842744
140 0.013091975822860221
150 0.013091975822860221
160 0.013091975822860221
170 0.013091975822860221
180 0.013091975822860221
190 0.013246508358244218
200 0.013246508358244218
210 0.013246508358244218
220 0.013246508358244218
230 0.013246508358244218
240 0.013246508358244218
250 0.013246508358244218
260 0.013246508358244218
270 0.013246508358244218
280 0.013246508358244218
290 0.013246508358244218
300 0.013246508358244218
310 0.013246508358244218
320 0.013246508358244218
330 0.013246508358244218
340 0.013246508358244218
350 0.013246508358244218
360 0.013246508358244218
370 0.013246508358244218
380 0.013246508358244218
390 0.013246508358244218
400 0.013246508358244218
410 0.013246508358244218
420 0.013246508358244218
430 0.013246508358244218
440 0.013246508358244218
450 0.013246508358244218
460 0.013246508358244218
470 0.013246508358244218
480 0.013246508358244218
490 0.013246508358244218
500 0.013246508358244218
510 0.013246508358244218
520 0.013246508358244218
530 0.013246508358244218
540 0.013246508358244218
550 0.013246508358244218
560 0.013246508358244218
570 0.013246508358244218
580 0.013246508358244218
590 0.014247853691972496
600 0.014247853691972496
610 0.014247853691972496
620 0.014247853691972496
630 0.014247853691972496
640 0.014247853691972496
650 0.014247853691972496
660 0.014310480582069022
670 0.014310480582069022
680 0.014310480582069022
690 0.014310480582069022
700 0.014396674730272792
710 0.014396674730272792
720 0.014396674730272792
730 0.014396674730272792
740 0.014396674730272792
750 0.014396674730272792
760 0.014396674730272792
770 0.017549423732087344
780 0.017549423732087344
790 0.017549423732087344
800 0.017549423732087344
810 0.017549423732087344
820 0.017549423732087344
830 0.017549423732087344
840 0.017549423732087344
850 0.017549423732087344
860 0.017549423732087344
870 0.017549423732087344
880 0.017549423732087344
890 0.017549423732087344
900 0.017549423732087344
910 0.017549423732087344
920 0.017549423732087344
930 0.017549423732087344
940 0.017549423732087344
950 0.017549423732087344
960 0.017549423732087344
970 0.017549423732087344
980 0.017549423732087344
990 0.017549423732087344